14 1 9 6 4 8 12 5 7 2 3 B 10 11 13 15
6 14 10 5 15 8 7 1 3 4 2 B 12 9 11 13 
14 13 4 11 15 8 6 9 B 7 3 1 2 10 12 5 
14 4 B 10 6 5 1 3 9 2 13 15 12 7 8 11 
15 10 8 3 B 6 9 5 1 14 13 11 7 2 12 4 
B 13 2 4 12 14 6 9 15 1 10 3 11 5 8 7 
3 14 13 6 4 15 8 9 5 12 10 B 2 7 1 11 
B 1 9 7 11 13 5 3 14 12 4 2 8 6 10 15 
11 B 15 8 13 12 3 5 10 1 4 6 14 9 7 2 
13 B 9 12 11 6 3 5 15 8 1 10 4 14 2 7 
14 10 2 1 13 9 8 11 7 3 6 12 15 5 4 B 
12 3 9 1 4 5 10 2 6 11 15 B 14 7 13 8 
15 8 10 7 B 12 14 1 5 9 6 3 13 11 4 2 
4 7 13 10 1 2 9 6 12 8 14 5 3 B 11 15 
6 B 5 10 11 12 9 2 1 7 4 3 14 8 13 15 
9 5 11 10 13 B 2 1 8 6 14 12 4 7 3 15 
15 2 12 11 14 13 9 5 1 3 8 7 B 10 6 4 
11 1 7 4 10 13 3 8 9 14 B 15 6 5 2 12 
5 4 7 1 11 12 14 15 10 13 8 6 2 B 9 3 
9 7 5 2 14 15 12 10 11 3 6 1 8 13 B 4 
3 2 7 9 B 15 12 4 6 11 5 14 8 13 10 1 
13 9 14 6 12 8 1 2 3 4 B 7 5 10 11 15 
5 7 11 8 B 14 9 13 10 12 3 15 6 1 4 2 
4 3 6 13 7 15 9 B 10 5 8 11 2 12 1 14 
1 7 15 14 2 6 4 9 12 11 13 3 B 8 5 10 
9 14 5 7 8 15 1 2 10 4 13 6 12 B 11 3 
B 11 3 12 5 2 1 9 8 10 14 15 7 4 13 6 
7 15 4 B 10 9 2 5 12 11 13 6 1 3 14 8 
11 4 B 8 6 10 5 13 12 7 14 3 1 2 9 15 